in_r=0.853725
in_i=1.449385
a10_r=1.907712
a10_i=1.249001
a30_r=1.719657
a30_i=1.893429
a50_r=0.406934
a50_i=1.386090

in_r=1.017243
in_i=1.034333
a10_r=1.402631
a10_i=0.584613
a30_r=0.540300
a30_i=0.081362
a50_r=0.494888
a50_i=1.361675

